WORLDVIEW-1 (WV-1)
1 32060U 07041A   23134.87932903  .00009385  00000+0  38534-3 0  9997
2 32060  97.3939 254.8047 0005401  29.8451 330.3093 15.24412502870880
GEOEYE 1
1 33331U 08042A   23135.21085138  .00000918  00000+0  18130-3 0  9992
2 33331  98.0850 210.0338 0008174 326.4906  33.5799 14.64695520784920
WORLDVIEW-2 (WV-2)
1 35946U 09055A   23135.20034263  .00000273  00000+0  10584-3 0  9992
2 35946  98.4502 210.5122 0002504  53.2073 306.9355 14.37466442713576
CUBEBUG-2 (LO-74)
1 39440U 13066AA  23134.82235915  .00003088  00000+0  40266-3 0  9993
2 39440  97.7699  84.6750 0076843 134.8299 225.9192 14.79199978509225
BUGSAT-1 (TITA)
1 40014U 14033E   23135.32537474  .00006046  00000+0  49633-3 0  9992
2 40014  98.1395 152.8196 0029186  23.6530 336.6026 14.99275530485810
WORLDVIEW-3 (WV-3)
1 40115U 14048A   23135.01110736  .00001379  00000+0  16715-3 0  9993
2 40115  97.8250 209.6789 0004953 121.0494 239.1208 14.85184541474356
TELEOS-1
1 41169U 15077D   23134.71102072  .00012784  00000+0  56828-3 0  9997
2 41169  14.9789 265.9261 0008691   4.7484 355.2855 15.18335317409837
NUSAT-1 (FRESCO)
1 41557U 16033B   23135.20426624  .00066395  00000+0  95746-3 0  9997
2 41557  97.3857 241.8838 0007152 244.5114 176.2108 15.55753207388490
NUSAT-2 (BATATA)
1 41558U 16033C   23135.13871125  .00076838  00000+0  98648-3 0  9997
2 41558  97.4140 249.6211 0007489 236.3774 223.6123 15.58839428388815
GHGSAT-D
1 41602U 16040D   23135.09092625  .00017211  00000+0  50528-3 0  9995
2 41602  97.1586 175.2048 0007477  48.0796 312.1085 15.35182104383360
PATHFINDER 1
1 41787U 16059E   23135.05823648  .00001050  00000+0  20540-3 0  9997
2 41787  97.8684 170.2271 0029775 194.6874 165.3485 14.64550296354264
SPARK 1
1 41900U 16081C   23135.14583497  .00001103  00000+0  25807-3 0  9994
2 41900  98.4126  90.3118 0023983 201.4619 158.5573 14.56478071339727
SPARK 2
1 41901U 16081D   23134.87415435  .00000696  00000+0  16830-3 0  9992
2 41901  98.4045  87.3426 0026104 202.9974 157.0057 14.56011404339605
NUSAT-3 (MILANESAT)
1 42760U 17034C   23135.29114769  .00012168  00000+0  59426-3 0  9993
2 42760  43.0149 290.6339 0014080 274.6255 152.9433 15.18137423326742
ICEYE-X1
1 43114U 18004D   23135.16207950  .00032744  00000+0  74500-3 0  9998
2 43114  97.3227 211.3092 0005889 232.8028 127.2683 15.42894895297077
NUSAT-4 (ADA)
1 43195U 18015D   23135.12491854  .00044738  00000+0  87773-3 0  9995
2 43195  97.5724 289.9053 0009946 299.5634 173.3973 15.47162697294152
NUSAT-5 (MARYAM)
1 43204U 18015K   23135.25553419  .00047534  00000+0  89492-3 0  9993
2 43204  97.5732 290.9530 0009533 299.2477 182.9121 15.48344762293828
GLOBAL-1
1 43730U 18096M   23134.78783076  .00031172  00000+0  63755-3 0  9992
2 43730  97.3322 219.4648 0010280 311.3801  48.6563 15.46020390248834
HAWK-A
1 43765U 18099H   23135.15597750  .00002676  00000+0  22417-3 0  9994
2 43765  97.5733 199.3196 0013176 236.1278 123.8693 14.99183661242790
HAWK-B
1 43794U 18099AN  23134.88938633  .00002818  00000+0  23590-3 0  9995
2 43794  97.5734 199.0596 0013226 237.6342 122.3601 14.99181712242741
HAWK-C
1 43799U 18099AT  23134.88919096  .00002817  00000+0  23576-3 0  9995
2 43799  97.5730 198.9604 0013142 237.2558 122.7399 14.99181395243490
ICEYE-X2
1 43800U 18099AU  23135.09028521  .00004306  00000+0  35727-3 0  9992
2 43800  97.5775 198.2358 0012190 231.1465 128.8684 14.99252913242671
CENTAURI-1
1 43809U 18099BD  23134.71883592  .00004432  00000+0  36884-3 0  9991
2 43809  97.5739 198.0785 0012893 226.6501 133.3649 14.99114678242354
GLOBAL-2
1 43812U 18099BG  23135.16001667  .00002807  00000+0  24043-3 0  9998
2 43812  97.5704 197.6683 0012285 232.6279 127.3825 14.98288465242282
GLOBAL-3
1 44367U 19037C   23135.28605067  .07241450  10587-4  70149-3 0  9994
2 44367  44.9761 264.5603 0010398 314.6404  45.3671 16.37200082219104
ICEYE-X5
1 44389U 19038C   23135.20487955  .00009282  00000+0  68209-3 0  9991
2 44389  97.8884 112.9825 0017357 203.5037 278.6852 15.03542784211039
ICEYE-X4
1 44390U 19038D   23135.23438536  .00004944  00000+0  39511-3 0  9991
2 44390  97.8735 111.3240 0020457 206.0826 153.9364 15.00548041210973
BRO-1
1 44495U 19054A   23135.21134169  .00009234  00000+0  50643-3 0  9994
2 44495  45.0161  50.5865 0008284  14.1079 114.3912 15.14486446206257
GLOBAL-4
1 44499U 19054E   23135.09788428  .00008569  00000+0  40450-3 0  9992
2 44499  45.0111   6.0305 0009748  64.1216 296.0668 15.19836433206723
NUSAT-7 (SOPHIE)
1 45017U 20003B   23135.20978734  .00047597  00000+0  80401-3 0  9993
2 45017  97.1620 196.6987 0007842 220.7756 173.9667 15.51446544186306
NUSAT-8 (MARIE)
1 45018U 20003C   23135.17616959  .00078397  00000+0  95197-3 0  9998
2 45018  97.1747 201.1634 0007077 212.9494 231.8845 15.60310854186485
GLOBAL-7
1 46088U 20055BP  23135.06967507  .00029656  00000+0  36647-3 0  9998
2 46088  52.9964  62.8902 0006072  66.4978 293.6671 15.59889492162097
GLOBAL-8
1 46089U 20055BQ  23134.39158214  .00056092  00000+0  75697-3 0  9993
2 46089  52.9962  72.9497 0018372  16.8665 343.2953 15.57070260161890
NUSAT-6 (HYPATIA)
1 46272U 20061A   23134.90510884  .00020987  00000+0  64448-3 0  9992
2 46272  97.2837 204.5441 0004859 352.7075   7.4093 15.33735965149840
GHGSAT-C1
1 46278U 20061G   23135.18313362  .00012431  00000+0  51209-3 0  9997
2 46278  97.3482 204.1980 0003307 125.0334 290.9288 15.24234405149313
LACUNASAT-3
1 46492U 20068G   23134.79658468  .00012045  00000+0  68281-3 0  9996
2 46492  97.7646  84.5194 0013774 222.8948 137.1208 15.13064425144185
ICEYE-X7
1 46496U 20068L   23134.80909353  .00007347  00000+0  57036-3 0  9999
2 46496  97.6474  71.8997 0010965 234.3014 125.7188 15.01591100143774
ICEYE-X6
1 46497U 20068M   23134.79172795  .00005839  00000+0  46383-3 0  9997
2 46497  97.8213  80.2686 0004778 283.3373  76.7389 15.00853992143760
NUSAT-12 (DOROTHY)
1 46827U 20079A   23135.11943981  .00080885  00000+0  98074-3 0  9994
2 46827  97.1475 206.2230 0006941 166.6504 253.0655 15.60341650141312
NUSAT-9 (ALICE)
1 46828U 20079B   23135.12470553  .00075617  00000+0  84406-3 0  9997
2 46828  97.1340 205.7590 0003325 191.1556 230.8978 15.62538463141380
NUSAT-11 (CORA)
1 46829U 20079C   23135.19736785  .00077893  00000+0  87392-3 0  9992
2 46829  97.1430 206.3768 0004194 178.9624 269.8259 15.62394523141380
NUSAT-15 (KATHERINE)
1 46830U 20079D   23135.28839707  .00087351  00000+0  99443-3 0  9992
2 46830  97.1557 208.2032 0004282 163.1559 270.3835 15.61982554141404
NUSAT-14 (HEDY)
1 46831U 20079E   23135.27615880  .00096840  00000+0  10125-2 0  9998
2 46831  97.1510 208.3815 0006352 160.8073 270.7247 15.64126820141443
NUSAT-10 (CAROLINE)
1 46832U 20079F   23135.31456715  .00067735  00000+0  89211-3 0  9998
2 46832  97.1551 207.2095 0005683 167.0406 258.4358 15.58206944141368
NUSAT-13 (EMMY)
1 46833U 20079G   23135.17870531  .00067126  00000+0  88703-3 0  9998
2 46833  97.1538 206.9028 0006066 178.0286 266.4137 15.58117969141339
NUSAT-17 (MARY)
1 46835U 20079J   23135.28147113  .00071093  00000+0  92128-3 0  9999
2 46835  97.1545 206.7441 0005992 180.8222 252.8714 15.58624427141336
NUSAT-18 (VERA)
1 46836U 20079K   23135.28778683  .00078148  00000+0  94615-3 0  9993
2 46836  97.1543 207.5806 0006264 189.1544 244.4127 15.60395648141384
NUSAT-16 (LISE)
1 46840U 20079P   23135.19151399  .00085105  00000+0  98412-3 0  9997
2 46840  97.1594 207.9313 0004533 181.7275 262.0110 15.61583273141379
BRO-2
1 46940U 20085M   23135.19228186  .00019476  00000+0  61857-3 0  9995
2 46940  97.4907 277.3040 0009218   2.4779 122.9235 15.32649848137963
BRO-3
1 46943U 20085Q   23135.17986802  .00041891  00000+0  94935-3 0  9991
2 46943  97.4638 277.9074 0006624 353.0748 178.8963 15.42957053138138
HAWK-2C
1 47502U 21006CT  23134.67670025  .00009013  00000+0  46239-3 0  9992
2 47502  97.3893 189.5110 0008800 210.7556 149.3163 15.16726507127351
HAWK-2A
1 47505U 21006CW  23134.87476890  .00009558  00000+0  49011-3 0  9996
2 47505  97.3893 189.8112 0008961 208.9347 151.1390 15.16727540127388
ICEYE-X9
1 47506U 21006CX  23135.18660412  .00014318  00000+0  68043-3 0  9993
2 47506  97.3945 190.9823 0007371 200.6967 245.3324 15.19294196127450
HAWK-2B
1 47508U 21006CZ  23134.87498222  .00009544  00000+0  48930-3 0  9996
2 47508  97.3889 189.7044 0009041 209.5740 150.4983 15.16733178127387
GHGSAT-C2
1 47509U 21006DA  23134.87639345  .00006987  00000+0  35168-3 0  9997
2 47509  97.3806 189.1017 0007438 205.0570 155.0304 15.17487744127396
ICEYE-X8
1 47510U 21006DB  23135.19221964  .00014252  00000+0  66369-3 0  9990
2 47510  97.3920 191.0779 0007167 199.1491 247.1668 15.19997741127487
LACUNASAT-2B
1 47948U 21022S   23134.67386680  .00025041  00000+0  10999-2 0  9997
2 47948  97.5090  36.0180 0018072  82.2208 278.1079 15.21762793118021
3B5GSAT (SATELIOT 1)
1 47961U 21022AF  23135.29116542  .00021099  00000+0  97066-3 0  9999
2 47961  97.5052  35.6162 0018623  82.9425 277.3927 15.20201526117011
CENTAURI-3 (TYVAK-0210)
1 47966U 21023B   23134.79179047  .00024138  00000+0  11544-2 0  9991
2 47966  44.9997 276.2427 0010502 315.2265  44.7766 15.18597294118171
MYRIOTA 7 (TYVAK-0152)
1 47968U 21023D   23135.08121571  .00013273  00000+0  71858-3 0  9998
2 47968  45.0029 277.6345 0010972 318.3352  41.6689 15.14602624118188
GLOBAL-9
1 47971U 21023G   23135.11077869  .00029645  00000+0  65143-3 0  9996
2 47971  44.9981  60.0183 0018804 138.1647 351.3794 15.43361327120790
CAPELLA-6-WHITNEY
1 48605U 21041BE  23134.65027756  .00026981  00000+0  16534-2 0  9998
2 48605  53.0287 116.2700 0012181 339.4706  20.5793 15.09945381109340
STORK-5 (MARTA)
1 48872U 21058B   23135.21599209  .00060711  00000+0  12097-2 0  9991
2 48872  60.6880 167.3630 0027172  66.4479   3.2320 15.46078883104353
STORK-4
1 48873U 21058C   23135.18570447  .00074244  00000+0  13526-2 0  9995
2 48873  60.7004 166.5820 0024968  68.5638 358.1402 15.48640892104388
CENTAURI-4 (TYVAK-0211)
1 48898U 21059V   23134.79337919  .00032972  00000+0  10974-2 0  9990
2 48898  97.5852 271.2859 0007031  37.9712 322.2023 15.31052631104319
NUSAT-19 (ROSALIND)
1 48905U 21059AC  23135.29290001  .00018679  00000+0  69389-3 0  9998
2 48905  97.5472 270.4731 0008326   1.0580  58.0246 15.27572543104550
ICEYE-X12
1 48914U 21059AM  23135.15439898  .00014450  00000+0  74223-3 0  9998
2 48914  97.5901 265.9076 0000938  49.8104  52.0974 15.16601278103985
ICEYE-X13
1 48916U 21059AP  23135.31011184  .00014447  00000+0  72600-3 0  9995
2 48916  97.5915 266.5140 0001844  53.5354   1.4330 15.17369597104034
ICEYE-X15
1 48917U 21059AQ  23135.19495091  .00011583  00000+0  47744-3 0  9994
2 48917  97.5902 270.8445 0010357  25.2891 334.8851 15.24198666104315
ICEYE-X11
1 48918U 21059AR  23134.35780379  .00013755  00000+0  62732-3 0  9995
2 48918  97.5896 269.5991 0009223   5.3196 354.8135 15.20717497104161
NUSAT-22 (SOFYA)
1 48919U 21059AS  23135.14701312  .00040276  00000+0  74814-3 0  9996
2 48919  97.3903 273.4690 0009484 281.2119  78.8065 15.48767639105527
NUSAT-21 (ELISA)
1 48920U 21059AT  23135.29461067  .00054740  00000+0  78814-3 0  9999
2 48920  97.3833 274.7769 0008842 281.4049  78.6212 15.55828494105676
NUSAT-20 (GRACE)
1 48921U 21059AU  23135.30264757  .00046389  00000+0  74626-3 0  9996
2 48921  97.3983 274.9178 0010377 301.4406  58.5831 15.52794063105614
HAWK-3B
1 48931U 21059BE  23134.86396641  .00008055  00000+0  37566-3 0  9995
2 48931  97.5793 268.6553 0015129  42.4981 317.7422 15.20033942104222
HAWK-3C
1 48948U 21059BX  23134.92955360  .00008044  00000+0  37505-3 0  9990
2 48948  97.6054 270.8998 0016169  44.7929 315.4608 15.20028911104233
HAWK-3A
1 48957U 21059CG  23134.86363224  .00008075  00000+0  37648-3 0  9997
2 48957  97.5924 269.7490 0016073  39.8020 320.4390 15.20029639104224
BRO-4
1 49066U 21073A   23135.16096563  .00013942  00000+0  71568-3 0  9996
2 49066  97.4874 208.2126 0024293 217.0165 201.4013 15.16370805 96023
GLOBAL-14
1 49469U 21106A   23135.07851371  .00027152  00000+0  55761-3 0  9991
2 49469  42.0128  54.0857 0010041 222.2758 137.7311 15.45389073 84037
GLOBAL-15
1 49470U 21106B   23135.01826783  .00017776  00000+0  49665-3 0  9993
2 49470  42.0085  84.3829 0009854 191.1428 168.9194 15.36296689 83689
GLOBAL-12
1 49772U 21115BA  23134.92321471  .00025539  00000+0  53531-3 0  9994
2 49772  53.2099 329.9635 0004234 308.8440  51.2190 15.45267369 81809
GLOBAL-13
1 49773U 21115BB  23134.83058592  .00027068  00000+0  57616-3 0  9993
2 49773  53.2106 331.5735 0003086 270.7024  89.3630 15.44784237 81772
GLOBAL-17
1 49949U 21120A   23134.49494577  .00020033  00000+0  40456-3 0  9992
2 49949  42.0067 177.3019 0003572  14.5923 345.5021 15.46063318 80707
GLOBAL-16
1 49950U 21120B   23134.53072444  .00010757  00000+0  22443-3 0  9992
2 49950  42.0063 176.6909 0006169  16.0999 344.0038 15.45501144 80705
FOSSASAT-2E2
1 50984U 22002A   23135.13778920  .00252640  00000+0  28558-2 0  9991
2 50984  97.4520 209.6692 0008321 276.1215  83.9094 15.61593754 74175
FOSSASAT-2E1
1 50985U 22002B   23135.16871175  .00256332  00000+0  27308-2 0  9995
2 50985  97.4457 209.9168 0008325 269.6121  90.4183 15.63116708 74188
FOSSASAT-2E3
1 50990U 22002G   23134.76093298  .00083732  00000+0  16829-2 0  9996
2 50990  97.4188 207.1924 0005594 309.4236  50.6518 15.46323437 74012
FOSSASAT-2E6
1 50991U 22002H   23135.13410920  .00233951  00000+0  28278-2 0  9995
2 50991  97.4384 209.0883 0006502 275.3918  84.6597 15.59910757 74132
FOSSASAT-2E5
1 51001U 22002T   23135.16985634  .00603543  00000+0  35220-2 0  9993
2 51001  97.4292 210.3636 0010445 263.2460  96.7617 15.76711190 74229
ICEYE-X16
1 51008U 22002AA  23135.22716521  .00015620  00000+0  67188-3 0  9996
2 51008  97.4407 202.4627 0008188   1.6997 358.4265 15.22695052 73726
HYPSO-1
1 51053U 22002BX  23135.27071657  .00008677  00000+0  43810-3 0  9995
2 51053  97.4348 200.6728 0008327  16.7853  23.5475 15.17304988 73637
ETV-A1
1 51060U 22002CE  23135.16970552  .00006495  00000+0  34506-3 0  9991
2 51060  97.4420 200.5806 0009831  24.0790  60.7134 15.15596094 73583
BRO-5
1 51061U 22002CF  23135.17789784  .00005847  00000+0  30180-3 0  9992
2 51061  97.4460 201.1836 0009823  27.4400  48.5538 15.16662349 73618
ICEYE-X14
1 51070U 22002CQ  23135.21758777  .00017076  00000+0  75051-3 0  9998
2 51070  97.4416 202.5246 0009551   2.3726  85.3230 15.21928727 73721
CAPELLA-8-WHITNEY
1 51071U 22002CR  23134.76700096  .00098021  00000+0  24913-2 0  9998
2 51071  97.4377 203.2486 0002663 328.8097  31.2990 15.39245751 73738
CAPELLA-7-WHITNEY
1 51072U 22002CS  23134.78092596  .00115108  00000+0  28897-2 0  9991
2 51072  97.4373 203.0715 0002161 330.4638  29.6485 15.39552622 73728
DODONA
1 51084U 22002DE  23134.76665406  .00020671  00000+0  79740-3 0  9992
2 51084  97.4413 203.2886 0004462 358.8163   1.3064 15.26320606 73732
STORK-1
1 51087U 22002DH  23135.21887340  .00030627  00000+0  12072-2 0  9995
2 51087  97.4473 203.0802 0009770   6.8923  70.1416 15.25484780 73736
STORK-2
1 51088U 22002DJ  23135.18262190  .00028687  00000+0  11010-2 0  9996
2 51088  97.4357 203.1358 0006286 345.5882  69.8232 15.26414934 73782
SW1FT
1 51089U 22002DK  23135.15658910  .00030574  00000+0  11848-2 0  9990
2 51089  97.4380 202.8912 0006924   6.1010  45.5968 15.26074122 73758
STORK-3
1 51098U 22003E   23135.26684440  .00111038  00000+0  16029-2 0  9991
2 51098  44.9631  34.8934 0013168 187.4123 307.1030 15.54836028 74599
HAWK-4B
1 52165U 22033J   23134.78704565  .00009664  00000+0  36288-3 0  9998
2 52165  97.3566 215.7485 0007902 293.3949  66.6459 15.27375692 62142
HAWK-4A
1 52167U 22033L   23134.78683562  .00009700  00000+0  36419-3 0  9990
2 52167  97.3519 215.5120 0007286 293.6728  66.3746 15.27380871 62140
NUSAT-23 (ANNIE MAUNDER)
1 52168U 22033M   23135.22345355  .00017428  00000+0  61206-3 0  9994
2 52168  97.3531 216.2833 0006760 287.4146 128.7263 15.29440028 62224
HAWK-4C
1 52170U 22033P   23134.78671483  .00009563  00000+0  35904-3 0  9998
2 52170  97.3565 215.7357 0009171 278.1078  81.9121 15.27372903 62147
NUSAT-25 (MARIA TELKES)
1 52171U 22033Q   23135.06880096  .00016570  00000+0  61423-3 0  9994
2 52171  97.3145 215.5326 0007482 267.4831 176.7347 15.27668788 62307
NUSAT-27 (SALLY RIDE)
1 52172U 22033R   23135.08184266  .00022455  00000+0  68538-3 0  9996
2 52172  97.3075 216.2758 0008105 260.0576 184.7263 15.33894735 62367
SHAKUNTALA
1 52173U 22033S   23135.22405778  .00042974  00000+0  10714-2 0  9997
2 52173  97.3602 219.0183 0008439 262.7706 152.2821 15.40055316 62385
BRO-7
1 52174U 22033T   23135.20071010  .00010206  00000+0  37498-3 0  9996
2 52174  97.3558 216.5390 0010343 273.6528 138.4752 15.28059835 62237
NUSAT-24 (KALPANA CHAW*)
1 52178U 22033X   23135.21275495  .00016572  00000+0  61677-3 0  9992
2 52178  97.3148 215.7982 0007233 283.6464 160.4910 15.27538919 62323
NUSAT-26 (M SOMERVILLE)
1 52184U 22033AD  23134.80761637  .00012423  00000+0  47105-3 0  9992
2 52184  97.3692 215.6410 0006182 274.7011  85.3522 15.26995048 62132
GLOBAL-18
1 52196U 22034B   23134.50269736  .00030479  00000+0  63940-3 0  9992
2 52196  52.9995 201.5530 0008243 351.2895   8.7961 15.45116248 62927
GLOBAL-20
1 52197U 22034C   23134.60230646  .00025340  00000+0  52566-3 0  9995
2 52197  52.9967 200.7405 0010475 352.2109   7.8731 15.45527105 62943
BRO-6
1 52422U 22047AE  23135.20077395  .00006615  00000+0  34625-3 0  9997
2 52422  97.4258 217.4776 0008903 115.1560 328.8306 15.16120804 58534
GHGSAT-C3
1 52737U 22057F   23135.21866113  .00005115  00000+0  27956-3 0  9995
2 52737  97.5401 250.6005 0009912 108.3286 339.1351 15.14701138 53597
CONNECTA T1.1
1 52739U 22057H   23135.22661220  .00005056  00000+0  26591-3 0  9998
2 52739  97.5439 251.0481 0010130 109.7471 250.4855 15.16068320 53616
CENTAURI 5 (TYVAK-0212)
1 52742U 22057L   23134.89551463  .00025805  00000+0  10416-2 0  9993
2 52742  97.5343 251.9330 0007525 106.7246 253.4817 15.24743753 53662
GHGSAT-C5
1 52744U 22057N   23135.19013860  .00005473  00000+0  29874-3 0  9991
2 52744  97.5467 250.9330 0011367 105.3179 304.2875 15.14698369 53591
GHGSAT-C4
1 52746U 22057Q   23135.17544255  .00005658  00000+0  30838-3 0  9995
2 52746  97.5343 250.3872 0010415  96.7011 347.9275 15.14745091 53595
NUSAT-28 (ALICE LEE)
1 52747U 22057R   23135.26723355  .00014457  00000+0  55036-3 0  9990
2 52747  97.4098 251.4747 0010110  64.6357 295.5927 15.26798500 53839
NUSAT-30 (MARGHERITA)
1 52748U 22057S   23135.25098116  .00014369  00000+0  54800-3 0  9990
2 52748  97.3761 250.0171 0008340  47.1146 313.0792 15.26753517 54012
ICEYE-X18
1 52749U 22057T   23135.23156176  .00022010  00000+0  10029-2 0  9996
2 52749  97.5350 251.5549 0009620  75.6901 344.6151 15.20637784 53661
FOSSASAT-2E11
1 52750U 22057U   23134.83795146  .00090855  00000+0  21243-2 0  9991
2 52750  97.5398 254.8979 0004688 118.7428 241.4290 15.41807188 53837
NUSAT-31 (RUBY PAYNE-S)
1 52752U 22057W   23135.25349918  .00009441  00000+0  46595-3 0  9991
2 52752  97.5410 251.4978 0010295  95.4194 264.8215 15.18068764 53657
HAWK-5C
1 52754U 22057Y   23134.85721082  .00007119  00000+0  37069-3 0  9990
2 52754  97.5499 251.2178 0010599  98.6831 261.5603 15.16275882 53571
ICEYE-X24
1 52755U 22057Z   23135.27345793  .00021718  00000+0  92382-3 0  9999
2 52755  97.5368 252.3476 0008846  91.6371 323.3724 15.22999663 53718
HAWK-5B
1 52756U 22057AA  23134.85703950  .00007131  00000+0  37125-3 0  9993
2 52756  97.5344 250.4580 0011289  94.5308 265.7214 15.16273203 53570
HAWK-5A
1 52757U 22057AB  23134.85682225  .00007234  00000+0  37651-3 0  9993
2 52757  97.5421 250.8356 0011651  97.3359 262.9199 15.16275107 53578
ICEYE-X19
1 52758U 22057AC  23135.34159108 -.00042573  00000+0 -19671-2 0  9996
2 52758  97.5373 251.8427 0013070  77.6479   7.0214 15.20253742 53680
ICEYE-X20
1 52759U 22057AD  23135.30656545  .00020113  00000+0  86507-3 0  9997
2 52759  97.5375 252.4566 0010322  90.9351 295.9817 15.22625394 53728
ICEYE-X17
1 52762U 22057AG  23135.17541911  .00020828  00000+0  89443-3 0  9991
2 52762  97.5379 252.3553 0010856  91.5944 353.4009 15.22667333 53708
NUSAT-29 (EDITH CLARKE)
1 52764U 22057AJ  23135.28357934  .00013917  00000+0  53169-3 0  9992
2 52764  97.3940 251.5561 0011808  60.5264 299.7151 15.26670700 53842
ARMSAT1 URDANETA
1 52765U 22057AK  23135.28068546  .00012896  00000+0  60809-3 0  9995
2 52765  97.5440 252.2538 0012636  83.7025 335.8611 15.19545580 53699
FOSSASAT-2E12
1 52773U 22057AT  23134.82160536  .00061816  00000+0  18089-2 0  9993
2 52773  97.5361 254.1252 0006757  83.0223 277.1788 15.35006810 53783
SBUDNIC
1 52774U 22057AU  23135.12981495  .00127550  00000+0  24264-2 0  9993
2 52774  97.5297 255.7976 0001582 218.6182 141.4955 15.47761352 53920
GUARDIAN
1 52775U 22057AV  23135.29288427  .00011378  00000+0  57948-3 0  9993
2 52775  97.5397 251.1055 0010535 106.5976 305.8933 15.16909954 53621
FOSSASAT-2E13
1 52776U 22057AW  23134.85466208  .00038837  00000+0  15012-2 0  9994
2 52776  97.5390 252.5871 0010688  77.5515 282.6918 15.26074932 53693
FOSSASAT-2E7
1 52778U 22057AY  23134.89519194  .00117743  00000+0  27317-2 0  9998
2 52778  97.5321 253.9765 0003810 103.0535 257.1137 15.41933028 53778
FOSSASAT-2E8
1 52779U 22057AZ  23134.97213751  .00059724  00000+0  18808-2 0  9997
2 52779  97.5326 253.1244 0007544  98.1406 262.0692 15.32680415 53722
ANAND
1 54366U 22158F   23135.16923270  .00021144  00000+0  81999-3 0  9996
2 54366  97.4352 233.5988 0010366  45.0774  40.4834 15.26098020 25831
STAR VIBE
1 55009U 23001A   23135.24298586  .00006778  00000+0  37984-3 0  9994
2 55009  97.4788 194.9643 0011216 134.7447 265.9485 15.13664772 20059
MENUT
1 55010U 23001B   23135.28346419  .00007545  00000+0  41806-3 0  9990
2 55010  97.4823 195.1196 0011697 132.9878 292.2120 15.14028185 20061
BRO-8
1 55011U 23001C   23135.17411529  .00006071  00000+0  34043-3 0  9992
2 55011  97.4849 195.0118 0012268 135.3819 301.0308 15.13677718 20046
CONNECTA T1.2
1 55012U 23001D   23134.73706506  .00005051  00000+0  28008-3 0  9997
2 55012  97.4864 194.6763 0013134 136.2887 223.9387 15.14153414 19986
NUSAT-34 (AMELIA EARHA*)
1 55045U 23001AN  23135.20945378  .00011168  00000+0  54389-3 0  9995
2 55045  97.4481 195.2103 0015180 113.7421 319.2842 15.18425428 20077
NUSAT-33 (ALBANIA-2)
1 55047U 23001AQ  23135.15219025  .00011550  00000+0  54566-3 0  9996
2 55047  97.4349 195.1511 0014256 104.0917 339.9875 15.19484160 20074
NUSAT-35 (WILLIAMINA)
1 55048U 23001AR  23135.21824587  .00008959  00000+0  48089-3 0  9991
2 55048  97.4808 195.1997 0014356 120.3615 324.2857 15.15077735 20068
ICEYE-X21
1 55049U 23001AS  23135.12330281  .00013829  00000+0  72608-3 0  9991
2 55049  97.4817 195.1684 0014835 121.1925 293.8302 15.15739498 20053
ICEYE-X27
1 55062U 23001BF  23135.14988492  .00009456  00000+0  49234-3 0  9991
2 55062  97.4826 195.2724 0015209 124.1820 236.0857 15.16129593 20062
NUSAT-32 (ALBANIA-1)
1 55064U 23001BH  23135.26322551  .00016481  00000+0  61779-3 0  9998
2 55064  97.3381 195.3390 0016638 126.5012 306.3464 15.27195537 20119
HAWK-6B
1 55324U 23011A   23134.86050448  .00003793  00000+0  25889-3 0  9990
2 55324  40.5198  14.5595 0005717 260.7050  99.3108 15.07100038 16560
HAWK-6C
1 55326U 23011C   23135.05899602  .00003718  00000+0  25390-3 0  9991
2 55326  40.4888  13.0647 0005472 253.3316 106.6887 15.07103959 16606
HAWK-6A
1 55327U 23011D   23134.86005408  .00003783  00000+0  25817-3 0  9999
2 55327  40.5047  14.3956 0005319 249.2936 110.7298 15.07099846 16571
CAPELLA-10-WHITNEY
1 55909U 23035B   23135.00722976  .00014446  00000+0  14113-2 0  9998
2 55909  44.0045   3.1705 0005739 229.2883 130.7473 14.92265552  8814
CAPELLA-9-WHITNEY
1 55910U 23035C   23135.08139508  .00002699  00000+0  28140-3 0  9994
2 55910  44.0051   2.8679 0005829 225.2267 134.8114 14.92030568  8826
GLOBAL-19
1 55982U 23041B   23134.80183635  .00019903  00000+0  48571-3 0  9995
2 55982  42.0163 314.6078 0008533 285.4198  74.5700 15.40408460  7925
IMECE
1 56178U 23054A   23135.14859570  .00000647  00000+0  12677-3 0  9996
2 56178  98.2107  30.8480 0009601 115.4832 244.7370 14.66080196  4999
BRO-9
1 56185U 23054H   23135.27379543  .00006550  00000+0  29040-3 0  9996
2 56185  97.4043  30.6394 0010191 135.1962  13.5259 15.21895032  5161
GHGSAT-C8
1 56186U 23054J   23135.21115484  .00010587  00000+0  46866-3 0  9993
2 56186  97.4091  30.5949 0011064 139.8562  12.3214 15.21784397  5155
NUSAT-36 (ANNIE CANNON)
1 56190U 23054N   23135.26280001  .00013727  00000+0  59712-3 0  9994
2 56190  97.4054  30.6404 0010314 129.6112 348.2019 15.22321728  5162
HAWK-7A
1 56191U 23054P   23134.25060410  .00005407  00000+0  23543-3 0  9992
2 56191  97.4137  29.7034 0012549 136.5449 223.6779 15.22572132  5015
HAWK-7B
1 56193U 23054R   23134.97307534  .00005661  00000+0  24765-3 0  9993
2 56193  97.3988  30.3372 0012622 121.3680 238.8793 15.22383464  5128
GHOST-1
1 56195U 23054T   23134.97574545  .00006898  00000+0  30220-3 0  9999
2 56195  97.4071  30.3729 0012482 126.7819 233.4565 15.22259432  5122
GHOST-2
1 56197U 23054V   23134.97098706  .00008060  00000+0  34958-3 0  9996
2 56197  97.4069  30.3785 0013340 128.1830 232.0610 15.22534576  5127
TOMORROW-R1
1 56199U 23054X   23134.77106783  .00010432  00000+0  44860-3 0  9990
2 56199  97.4086  30.1966 0013353 130.3844 229.8560 15.22749016  5092
HAWK-7C
1 56200U 23054Y   23134.24985243  .00006940  00000+0  30278-3 0  9998
2 56200  97.4062  29.6616 0013862 128.0416 232.2074 15.22379383  5014
NUSAT-39 (TIKVAH ALPER)
1 56201U 23054Z   23135.05171144  .00012782  00000+0  54627-3 0  9991
2 56201  97.4072  30.4735 0014355 128.8381 342.9644 15.22895602  5137
NUSAT-38 (MARIA AGNESI)
1 56202U 23054AA  23135.24968966  .00012737  00000+0  54401-3 0  9999
2 56202  97.4086  30.6764 0014281 127.3862 351.1120 15.22919412  5163
NUSAT-37 (JOAN CLARKE)
1 56203U 23054AB  23135.24896034  .00012590  00000+0  53595-3 0  9996
2 56203  97.4047  30.6587 0014217 124.3300 354.0884 15.23035312  5165
GHGSAT-C6
1 56204U 23054AC  23135.25342446  .00011273  00000+0  48012-3 0  9996
2 56204  97.4117  30.6984 0015065 122.6207  33.4810 15.23033821  5164
GHGSAT-C7
1 56209U 23054AH  23135.24459757  .00006108  00000+0  26218-3 0  9999
2 56209  97.4079  30.6787 0015219 118.3011 358.8371 15.22968282  5166
CONNECTA T2.1
1 56210U 23054AJ  23135.30635625  .00011798  00000+0  49961-3 0  9999
2 56210  97.4026  30.7282 0015574 118.1121 353.6713 15.23208882  5173
VCUB1
1 56215U 23054AP  23135.24699456  .00020257  00000+0  85059-3 0  9997
2 56215  97.4082  30.6772 0013079 111.8725   2.4651 15.23406370  5083
TELEOS-2
1 56310U 23057C   23127.76702314  .00006663  00000+0  53974-3 0  9998
2 56310   9.9830 197.8965 0004294 194.2422 165.6088 14.94454923  2308
GLOBAL-5
1 55983U 23041C   23134.78318922  .00019794  00000-0  47356-3 0  9991
2 55983  42.0163 314.4614 0010389 278.8101  81.1563 15.40993224  7920
SAPLING-1
1 55009U 23001A   23135.69829945  .00005603  00000-0  31465-3 0  9997
2 55009  97.4794 195.4139 0011439 132.4655 227.7545 15.13669936 20123
